              6.6393           -479.8874
             87.3873            116.3195
            -71.2455            368.0307
            -77.4131             87.1572
             23.7092           -278.5105
            109.3345            393.2536
            -58.0848           -464.1701
            136.3511            501.3039
           -293.5374           -501.8998
            235.5083           -538.3283
            292.7108           -453.8182
           -190.1935           -535.8151
            -13.4673           -185.0229
           -358.6823           -335.2364
           -182.0507           -119.6370
            169.6119           -408.1908
            500.2936           -129.4404
            -80.0838           -225.9899
             -1.9300            283.6575
           -194.8070             58.3269
            116.9307            201.4693
           -278.8832            410.9932
            332.0752            140.0891
           -141.2498            431.4099
             10.4656            599.6288
            154.1767            136.1046
            203.4369             32.7863
           -334.2058            459.4141
             48.5739           -420.1237
            404.4762           -421.0141
           -295.7361           -325.6350
            184.1827           -303.5656
           -139.7280             93.7875
            -82.5096           -289.7932
           -198.7916           -388.4893
            123.3840            -10.7672
           -260.5638              2.8098
            288.2480           -295.0023
           -447.4124             -2.8130
            461.8820            -42.8775
           -219.3163            156.9055
            468.8638            236.1405
            -72.9718            428.4791
            342.1322            306.9459
            -91.1633            228.5851
            234.5002            370.9451
             46.7147            490.7560
           -139.5488            547.6824
           -117.3084           -352.6898
           -316.2393           -389.3037
            373.0320           -366.5567
           -332.2975           -162.0899
            375.6713           -168.5861
           -252.7185            -81.5891
             27.8932           -102.9370
           -248.7676           -243.6824
            178.3863           -169.6265
           -335.7918            241.0330
            391.8333            188.2609
             -1.9529            -17.9821
            126.1472           -121.0956
           -365.7488             88.6338
            329.4017            244.2322
           -344.9790            324.4092
            -44.3938            144.8032
           -376.4709            389.4765
            527.0383             18.4001
            -65.2631            556.5430
           -223.3150           -485.4727
            450.8352           -243.3298
           -429.9160           -193.8314
            461.6662           -339.7915
           -433.1736            177.0986
            567.7265            102.3882
           -581.8845             -2.3390
            309.2198             84.1917
           -555.8553            130.3356
            442.6043             45.0976
           -530.8752            256.2383
            143.1536            322.7903
           -427.0454           -123.7485
            151.2037            559.4499
            544.3887            -76.7381
           -345.9643           -247.3537
            243.9239           -103.4549
           -471.4303           -312.4514
             85.1444           -293.4298
           -531.5332           -103.4189
            522.1566            276.2476
           -345.0919           -464.6623
            489.6969            153.9839
           -513.2509             87.7884
            367.0532            410.5457
           -394.4167            290.2775
            153.5338           -537.1176
            510.0285           -232.6988
           -513.0591            -26.7018
            397.8382            354.7306
           -471.2584            130.6578
           -201.4133            265.5667
